1.0 1.0
1.03 0.93
1.09 0.87
1.16 0.83
1.23 0.8
1.31 0.81
1.38 0.77
1.46 0.81
1.52 0.85
1.58 0.9
1.65 0.86
1.73 0.86
1.8 0.83
1.88 0.83
1.96 0.83
2.04 0.85
2.12 0.85
2.19 0.81
2.27 0.84
2.35 0.85
2.4 0.91
2.47 0.95
2.54 0.98
2.62 0.97
2.68 1.02
2.74 1.07
2.78 1.14
2.85 1.16
2.88 1.24
2.96 1.22
3.03 1.25
3.08 1.32
3.11 1.39
3.16 1.46
3.18 1.53
3.21 1.61
3.25 1.68
3.32 1.71
3.32 1.79
3.37 1.86
3.41 1.92
3.45 1.99
3.5 2.06
3.54 2.12
3.58 2.19
3.63 2.26
3.67 2.33
3.71 2.39
3.76 2.46
3.8 2.53
3.85 2.59
3.89 2.66
3.93 2.73
3.98 2.8
4.02 2.86
4.06 2.93
4.11 3.0
4.15 3.06
4.19 3.13
4.24 3.2
4.28 3.27
4.33 3.33
4.37 3.4
4.41 3.47
4.46 3.53
4.5 3.6
4.54 3.67
4.59 3.73
4.63 3.8
4.67 3.87
4.73 3.93
4.8 3.89
4.87 3.93
4.94 3.9
5.0 3.85
5.08 3.84
5.15 3.89
5.21 3.94
5.28 3.92
5.34 3.87
5.41 3.83
5.45 3.76
5.53 3.74
5.61 3.72
5.67 3.67
5.73 3.73
5.79 3.78
5.85 3.83
5.91 3.89
5.97 3.94
6.04 3.99
6.11 3.97
6.19 3.99
6.27 3.99
6.35 3.99
6.35 3.99
6.35 3.99
6.4 4.05
6.36 4.12
6.37 4.2
6.41 4.26
6.47 4.32
6.53 4.37
6.54 4.45
6.48 4.51
6.41 4.54
6.37 4.61
6.35 4.69
6.39 4.75
6.43 4.83
6.38 4.89
6.44 4.94
6.5 5.0
6.56 5.05
6.58 5.13
6.57 5.2
6.58 5.28
6.6 5.36
6.58 5.43
6.62 5.51
6.57 5.57
6.58 5.65
6.51 5.68
6.49 5.76
6.42 5.79
6.42 5.87
6.39 5.94
6.33 5.99
6.27 6.06
6.22 6.11
6.17 6.17
6.22 6.23
6.28 6.29
6.34 6.34
6.39 6.4
6.45 6.46
6.51 6.51
6.56 6.57
6.62 6.63
6.68 6.68
6.73 6.74
6.79 6.8
6.85 6.85
6.9 6.91
6.96 6.97
7.02 7.02
7.07 7.08
7.13 7.14
7.19 7.19
7.24 7.25
7.3 7.3
7.36 7.36
7.41 7.42
7.47 7.47
7.53 7.53
7.58 7.59
7.64 7.64
7.7 7.7
7.75 7.76
7.81 7.81
7.87 7.87
7.92 7.93
7.98 7.98
8.04 8.04
8.09 8.1
8.15 8.15
8.21 8.21
8.26 8.27
8.32 8.32
8.38 8.38
8.43 8.43
8.49 8.49
8.55 8.55
8.6 8.6
8.66 8.66
8.72 8.72
8.77 8.77
8.83 8.83
8.89 8.89
8.94 8.94
9.0 9.0
